5
x  y  z
0 0 0
0 0 0
0 0 0
0 0 0
0 0 0
0 0 0
0 0 0
0 0 0
0 0 0
0 0 0
0 0 0
0 0 0
0 0 0
0 0 0
0 0 0
0 0 0
0 0 0
0 0 0
0 0 0
0 0 0
0 0 0
0 0 0
0 0 0
0 0 0
0 0 0
0 0 0
0 0 0
0 0 0
0 0 0
0 0 0
0 0 0
0 0 0
0 0 0
0 0 0
0 0 0
0 0 0
0 0 0
0 0 0
0 0 0
0 0 0
0 0 0
0 0 0
0 0 0
0 0 0
0 0 0
0 0 0
0 0 0
0 0 0
0 0 0
0 0 0
0 0 0
0 0 0
0 0 0
0 0 0
0 0 0
0 0 0
0 0 0
0 0 0
0 0 0
0 0 0
0 0 0
0 0 0
0 0 0
0 0 0
0 0 0
0 0 0
0 0 0
0 0 0
0 0 0
0 0 0
0 0 0
0 0 0
0 0 0
0 0 0
0 0 0
0 0 0
0 0 0
0 0 0
0 0 0
0 0 0
0 0 0
0 0 0
0 0 0
0 0 0
0 0 0
0 0 0
0 0 0
0 0 0
0 0 0
0 0 0
0 0 0
0 0 0
0 0 0
0 0 0
0 0 0
0 0 0
0 0 0
0 0 0
0 0 0
0 0 0
0 0 0
0 0 0
0 0 0
0 0 0
0 0 0
0 1 0
0 0 0
0 0 0
0 0 0
1 0 0
0 0 0
0 0 0
1 0 0
0 0 0
2 0 0
0 0 0
0 0 0
0 0 0
0 0 0
0 0 0
0 0 0
0 0 0
0 0 0
0 0 0
0 0 0
0 0 0
0 0 0
0 0 0
0 0 0
0 0 0
0 5 0
5 0 0
3 0 0
0 0 0
0 0 0
0 0 0
0 0 0
0 0 0
0 0 0
2 0 0
4 0 0
0 1 0
0 2 0
2 1 0
0 0 0
1 0 0
2 1 0
0 2 0
7 1 0
0 0 0
1 5 0
4 5 0
4 1 0
3 0 0
0 6 0
3 0 0
1 9 0
15 4 0
2 10 0
3 1 0
4 4 0
10 8 0
2 6 0
2 5 0
2 8 0
5 7 0
6 7 0
4 15 0
11 18 0
23 5 0
12 11 0
8 16 0
14 15 0
23 10 0
10 16 0
9 18 0
13 23 0
22 19 0
11 47 0
30 20 0
20 40 0
27 28 0
20 32 0
33 32 0
32 20 0
19 19 0
36 28 0
37 51 0
43 41 0
22 50 0
52 44 0
39 58 0
45 42 0
54 64 0
52 64 0
37 54 0
70 68 0
38 62 0
83 76 0
86 81 0
82 79 0
87 102 0
89 82 0
110 80 0
72 122 0
88 80 0
118 91 0
129 152 0
118 118 0
123 144 0
146 150 0
178 126 0
145 147 0
141 178 0
174 151 0
160 240 0
163 193 0
197 274 0
193 225 0
213 235 0
277 269 0
239 271 0
295 276 0
276 319 0
269 360 0
320 328 0
346 352 0
378 389 0
283 418 0
363 340 0
432 454 0
439 430 0
476 425 0
444 509 0
455 566 0
551 652 0
492 517 0
545 649 0
647 630 0
680 646 0
725 653 0
737 676 0
666 782 0
793 802 0
893 885 0
910 861 0
943 901 0
996 974 0
1024 1063 0
1119 1111 0
1175 1134 0
1239 1280 0
1236 1217 0
1334 1206 0
1456 1364 0
1355 1559 0
1465 1599 0
1618 1633 0
1717 1576 0
1828 1864 0
2051 1884 0
1910 1915 0
2023 1908 0
2240 2199 0
2237 2256 0
2361 2383 0
2496 2471 0
2643 2733 0
2725 2898 0
2658 2955 1
2924 3000 0
3219 3141 2
3346 3325 0
3153 3439 1
3493 3608 2
3633 3640 0
3802 3967 0
4160 4108 0
4303 4278 0
4573 4382 0
4564 4762 2
4837 4639 1
5231 4982 0
5378 5588 2
5450 5855 1
6150 5905 0
6057 6245 4
6149 6415 4
6474 6619 0
6889 6886 2
7486 7253 6
7633 7513 4
8015 7862 15
8094 7941 4
8418 8774 6
8927 8827 7
9379 9602 4
9816 9489 19
9897 9913 7
10338 10595 9
10825 10740 12
11330 11374 23
11647 11783 18
12425 12007 17
12556 12583 20
13155 13328 19
14137 13543 24
14067 14298 41
15087 15127 33
15204 15251 36
15869 15869 60
15965 16633 47
16993 17203 43
18014 18343 53
18542 18599 52
19599 19269 92
20149 20370 58
20522 20928 60
21554 21009 92
22728 22598 108
23057 23164 134
24005 23924 120
24917 24897 127
25780 26247 142
26774 27084 161
27298 27208 196
28229 28173 179
29218 29670 218
30393 30206 253
31205 31277 243
33458 32672 315
33191 33644 284
35145 34577 355
35590 35985 394
36927 37260 404
38299 38206 443
40176 40189 472
40935 40625 492
42705 42176 556
44653 43554 614
45495 45358 747
46626 46422 823
48341 49436 878
49870 49729 931
50687 51460 1012
53055 52620 1097
54767 54131 1194
55912 56265 1270
58370 57964 1530
59492 59018 1636
61450 62045 1678
63312 62983 1877
65726 64524 1912
66215 66947 2273
69464 69088 2423
71065 71527 2794
72681 73662 2931
75943 74878 2999
77118 77144 3371
78335 79204 3661
81747 81364 3942
83982 83500 3987
87283 85995 4647
89457 88941 5016
90727 90289 5269
93576 93257 5777
96220 95665 6174
98507 98675 6637
101714 101371 7147
103782 104020 7409
107010 106838 8003
109699 109024 9041
112967 112121 9579
114718 116150 10567
117279 118601 10899
120286 120965 11849
124538 124789 12606
127727 126633 13501
129318 129975 14536
133623 133718 15808
135508 136469 16608
140268 140577 18306
143627 144114 19333
146059 147034 20326
149019 149271 21740
152952 152827 23440
158340 157281 25038
160375 160049 26329
163799 162613 28169
166887 166480 30108
172547 170366 31550
175096 175605 34070
178813 178449 35932
182155 181687 38210
185653 184797 40826
190034 189916 44050
193696 194884 46190
197774 197671 47917
203064 202825 51930
206827 207480 54265
211215 211046 57573
214280 212743 60978
219722 218460 64098
220735 221967 68609
226425 227243 72085
229880 230592 76204
235645 235034 80899
239271 241664 84118
242652 244951 88417
248690 248661 92637
253385 252263 96568
257235 258269 102571
263034 261853 108505
267880 267825 114410
270139 272891 119246
275798 275125 124717
279946 280625 132442
285911 285878 138097
288736 289078 143674
293968 291520 150491
298756 299485 158050
303592 303667 164975
307692 308007 172632
313692 313563 180044
317967 318363 188743
322206 322671 194636
327529 327054 204685
332067 332350 214093
336654 336209 220431
341920 340437 230519
347833 346774 240980
349920 352609 249110
355074 355428 259123
360302 359970 270142
363534 364548 280566
370600 371196 290118
373857 373454 300150
380834 379613 312579
383103 382503 324401
387455 386141 333982
393759 392892 345147
397717 396645 358267
401276 401983 367539
405910 406272 380360
412453 412253 392721
417001 414277 405994
420292 420735 418973
424428 426630 429912
428122 425727 443596
433981 434726 455898
436081 437993 469645
441257 442861 481585
445859 447939 495764
447003 449607 510026
453577 454188 523410
460307 456340 536552
462948 463797 549500
466459 467541 559719
468237 470589 578383
473531 471213 588990
475987 476048 604220
480996 483519 617010
484313 483743 632080
489756 488727 645073
490174 492290 656040
495907 493431 670057
499368 497352 683396
501019 503334 694385
506870 505083 705703
507544 508521 721727
512971 511358 733242
513070 513071 744139
517493 514812 757082
519476 522430 769285
523972 522451 780609
526854 524327 789529
527578 529013 802854
531569 530892 813393
532381 532123 820026
536170 533959 831502
536840 535662 843022
539092 539752 850205
538840 542850 862326
544532 544610 869130
542908 544821 878058
545818 547787 882590
547684 547879 887950
550182 547732 894917
549782 553025 905158
552918 552787 910643
551761 552822 918486
555146 554517 920906
552947 553613 924561
553105 555899 926759
555577 554976 931721
556667 554800 934862
558452 556695 939074
559259 556052 940323
560050 559458 941914
558097 556314 936866
559812 560596 940281
557054 559879 940461
558741 557942 939626
557289 557076 940046
556778 559437 932341
553500 557110 935958
555172 557019 930228
555575 556492 926285
553574 555392 926397
552356 554966 921088
555247 555273 915203
550892 552231 911517
552623 551267 904485
551318 548171 898294
548215 549167 892878
546544 545221 887463
545573 545426 876298
540585 541676 868639
538810 540026 862126
539849 536689 850357
539688 536558 839669
534320 535339 833174
531172 529812 823103
531659 529175 813766
527142 525952 802665
524638 525589 791587
522410 524170 779551
517889 520750 769225
517808 515702 758832
513623 512991 747151
510666 511706 734300
508085 507086 718332
504144 505673 707966
500823 500517 696344
498145 498990 683456
496688 496338 671136
491144 491611 655997
489501 488345 644593
482628 485938 630532
480551 482065 620369
476720 476987 604428
474566 472232 590212
472223 468847 577566
466591 464757 564817
461833 460769 548482
457957 456705 536840
455341 452828 524341
448938 449833 510826
447084 446713 494401
443495 441109 482801
437822 435823 469821
433504 432235 458042
428510 429118 443919
424347 422037 432035
421199 418709 418323
415526 415583 406825
412368 411637 395368
409021 404070 379319
402872 403195 371450
396489 399140 357322
392869 393239 346145
385529 389200 334495
382770 384362 324040
378680 379120 314118
374887 373541 301863
366733 368824 290574
363698 365374 280177
360744 360332 270440
353995 354639 259885
348686 350015 250350
345341 347488 240535
341937 342073 232729
337551 336888 221316
331185 331232 213271
327904 326746 205795
324214 324940 196747
318413 319993 189039
313455 314107 180458
307516 305457 172870
303048 303293 164426
298987 298019 159085
293272 294407 151088
289725 290098 145508
284810 283907 137820
277254 280081 132486
275606 275403 126690
270225 270873 119776
266831 265836 113955
259194 261852 109394
257435 257781 104064
253816 252526 98096
248413 247597 93360
244001 244932 88319
240563 239934 84442
235471 236072 80418
231245 231225 76563
226530 227032 71746
222937 221734 68567
217696 218713 64893
215098 214897 61192
209477 210945 57610
205328 206750 54506
201877 202410 51015
198359 197260 48407
192849 193023 45910
189892 188434 43406
185355 186714 41414
182827 180756 38656
178251 177563 36207
173566 174179 34039
171337 170578 32425
166723 167745 30280
163178 161826 28520
160073 158902 26787
157156 156210 25226
152842 152992 23489
149381 149444 22234
146532 145407 21000
142760 142617 19273
140409 138554 18267
136235 136721 17202
132671 132203 15917
129710 131109 14514
126586 126838 13797
124466 123859 12920
121182 120575 11984
117481 116744 11561
114162 114002 10379
112269 111817 9666
109220 108777 8987
106701 106782 8299
104304 104342 7716
102045 101053 7245
98520 98937 6584
96020 96189 6296
94416 93817 5717
90419 91088 5049
88700 88444 4944
85604 85205 4449
83928 83499 4375
81904 81834 3918
79467 79205 3505
77634 77890 3255
74990 74827 3175
73412 73318 2709
71406 71239 2644
69254 69008 2470
67159 67403 2178
64697 65211 2054
62116 62913 1860
61089 61309 1867
59173 59381 1595
57400 57314 1550
56164 56344 1356
54225 54344 1356
52639 53256 1072
50709 51287 1030
49717 49180 837
47489 48267 943
46572 46827 791
45146 45180 782
44289 43777 660
42518 42088 565
40897 41357 540
39979 39288 475
38070 37843 443
36383 37198 436
36429 35681 388
34514 35030 353
33420 33191 331
32290 32575 281
30989 31589 274
30340 30180 259
29451 29367 219
28412 28435 162
27049 27545 173
26948 26374 146
25779 25906 168
25029 24822 148
23868 23750 142
23068 23754 94
22072 22255 103
21285 21522 88
20639 20625 87
20046 20019 82
19449 19233 58
18555 18667 40
17941 18124 50
17233 16935 39
16977 16661 42
15665 15663 36
15275 15113 32
14638 14688 26
14375 14141 20
13609 13685 13
13231 13288 20
12841 12869 23
12432 12167 28
11545 11857 25
11206 11189 7
10669 11001 12
10588 10493 12
10141 10359 7
9503 9757 11
9720 9317 15
8861 8886 2
8498 8726 8
8219 8049 19
7649 7891 6
7589 7390 5
6994 7189 1
6910 7031 1
6650 6720 1
6305 6196 10
5988 6411 0
5902 5982 1
5706 5726 6
5262 5423 0
5222 5241 5
5056 4957 0
4539 4740 0
4311 4556 2
4370 4379 0
4409 4172 0
4137 4011 0
3817 3723 0
3607 3653 0
3445 3618 0
3195 3333 1
3359 3202 0
3112 2978 0
2972 2894 0
2634 2889 0
2775 2656 0
2492 2699 2
2247 2451 0
2373 2301 0
2256 2122 0
2055 1959 2
2047 1987 0
1953 1960 0
1870 1830 0
1681 1640 0
1620 1594 0
1570 1576 1
1467 1557 0
1432 1490 0
1295 1322 0
1266 1221 0
1261 1363 0
1185 1096 0
1156 1107 0
1067 1084 0
983 989 0
918 925 0
916 888 0
841 893 0
747 856 0
776 823 0
723 796 0
684 676 0
626 678 0
728 617 0
571 586 0
560 546 0
543 577 0
564 565 0
537 438 0
345 419 0
427 461 0
427 447 0
407 390 0
344 381 0
293 284 0
300 305 0
288 321 0
288 358 0
344 311 0
336 267 0
292 281 0
292 234 0
266 217 0
222 193 0
220 179 0
197 146 0
148 157 0
177 201 0
184 140 0
150 144 0
120 182 0
111 148 0
108 129 0
100 122 0
148 111 0
114 112 0
103 92 0
98 94 0
71 95 0
82 72 0
81 77 0
82 58 0
55 63 0
61 59 0
61 52 0
81 70 0
68 72 0
53 61 0
54 41 0
62 40 0
19 37 0
30 65 0
29 42 0
35 27 0
28 41 0
32 24 0
21 29 0
30 38 0
26 37 0
13 31 0
18 17 0
21 18 0
37 21 0
27 18 0
28 28 0
20 22 0
18 28 0
10 12 0
22 11 0
19 11 0
4 9 0
5 20 0
5 14 0
34 7 0
5 7 0
4 7 0
5 14 0
7 1 0
5 12 0
3 4 0
1 11 0
2 8 0
4 11 0
0 8 0
4 7 0
9 11 0
0 0 0
4 6 0
0 1 0
2 4 0
3 2 0
1 3 0
0 16 0
0 2 0
6 0 0
0 0 0
0 0 0
2 0 0
0 3 0
1 8 0
6 0 0
0 0 0
0 0 0
2 2 0
0 0 0
0 0 0
0 3 0
0 1 0
0 3 0
0 1 0
5 0 0
0 0 0
2 0 0
0 6 0
0 0 0
0 4 0
3 1 0
0 0 0
0 0 0
0 0 0
1 0 0
0 0 0
0 0 0
2 0 0
2 0 0
0 0 0
0 0 0
0 0 0
0 0 0
0 0 0
0 0 0
0 1 0
0 0 0
0 0 0
0 0 0
0 0 0
0 0 0
0 0 0
0 0 0
0 0 0
1 0 0
0 0 0
0 0 0
0 0 0
0 0 0
0 0 0
0 0 0
0 0 0
0 0 0
0 0 0
0 0 0
0 0 0
0 0 0
0 0 0
0 0 0
0 0 0
0 0 0
0 0 0
0 0 0
0 0 0
0 0 0
0 0 0
0 0 0
0 0 0
0 0 0
0 0 0
0 0 0
0 0 0
0 0 0
0 0 0
0 0 0
0 0 0
0 0 0
0 0 0
0 0 0
0 0 0
0 0 0
0 0 0
0 0 0
0 0 0
0 0 0
0 0 0
0 0 0
0 0 0
0 0 0
0 0 0
0 0 0
0 0 0
0 0 0
0 0 0
0 0 0
0 0 0
0 0 0
0 0 0
0 0 0
0 0 0
0 0 0
0 0 0
0 0 0
0 0 0
0 0 0
0 0 0
0 0 0
0 0 0
0 0 0
0 0 0
0 0 0
0 0 0
0 0 0
0 0 0
0 0 0
0 0 0
0 0 0
0 0 0
0 0 0
0 0 0
0 0 0
0 0 0
0 0 0
0 0 0
0 0 0
0 0 0
0 0 0
0 0 0
0 0 0
0 0 0
0 0 0
0 0 0
0 0 0
0 0 0
0 0 0
0 0 0
0 0 0
0 0 0
0 0 0
0 0 0
0 0 0
0 0 0
0 0 0
0 0 0
0 0 0
0 0 0