5
x  y  z
0 0 0
0 0 0
0 0 0
0 0 0
0 0 0
0 0 0
0 0 0
0 0 0
0 0 0
0 0 0
0 0 0
0 0 0
0 0 0
0 0 0
0 0 0
0 0 0
0 0 0
0 0 0
0 0 0
0 0 0
0 0 0
0 0 0
0 0 0
0 0 0
0 0 0
0 0 0
0 0 0
0 0 0
0 0 0
0 0 0
0 0 0
0 0 0
0 0 0
0 0 0
0 0 0
0 0 0
0 0 0
0 0 0
0 0 0
0 0 0
0 0 0
0 0 0
0 0 0
0 0 0
0 0 0
0 0 0
0 0 0
0 0 0
0 0 0
0 0 0
0 0 0
0 0 0
0 0 0
0 0 0
0 0 0
0 0 0
0 0 0
0 0 0
0 0 0
0 0 0
0 0 0
0 0 0
0 0 0
0 0 0
0 0 0
0 0 0
0 0 0
0 0 0
0 0 0
0 0 0
0 0 0
0 0 0
0 0 0
0 0 0
0 0 0
0 0 0
0 0 0
0 0 0
0 0 0
0 0 0
0 0 0
0 0 0
0 0 0
0 0 0
0 0 0
0 0 0
0 0 0
0 0 0
0 0 0
0 0 0
0 0 0
0 0 0
0 0 0
0 0 0
0 0 0
0 0 0
0 0 0
0 0 0
0 0 0
0 0 0
0 0 0
0 0 0
0 0 0
0 0 0
0 0 0
0 0 0
0 0 0
0 0 0
0 0 0
0 0 0
0 0 0
0 0 0
0 0 0
0 0 1
0 0 3
0 0 1
0 0 0
0 0 0
0 0 0
0 0 0
0 0 0
0 0 0
0 0 0
0 0 9
8 0 0
0 1 1
0 1 2
0 0 0
0 0 0
4 0 0
0 0 0
0 0 1
1 0 0
2 0 0
0 2 0
0 0 0
0 0 0
0 0 2
0 0 2
1 1 0
3 0 0
2 1 1
0 1 0
2 0 0
0 0 4
8 0 2
0 0 1
3 1 0
3 2 0
0 0 0
0 1 11
0 1 0
13 6 1
2 6 3
6 0 3
9 7 7
1 0 2
10 5 8
2 2 4
2 3 2
10 11 10
5 4 3
12 4 1
8 3 3
9 3 8
6 3 12
19 5 2
2 5 9
11 11 6
8 6 6
24 11 16
18 11 17
6 6 6
16 11 17
20 17 28
22 14 26
17 18 14
25 15 13
14 17 27
25 11 6
8 25 23
18 32 36
13 18 23
9 18 15
24 20 22
33 38 23
12 34 23
28 42 21
24 24 45
21 40 34
43 39 39
47 61 41
31 35 49
36 26 74
46 32 55
58 47 47
50 57 46
55 48 65
39 56 60
90 72 44
83 64 70
69 62 59
95 78 74
111 70 96
83 69 80
87 113 100
84 92 107
73 104 118
119 130 74
124 95 92
113 119 124
149 120 141
165 158 152
138 174 156
165 108 190
156 178 151
204 185 158
227 223 182
178 195 209
226 178 191
183 230 221
231 228 202
240 272 207
269 215 223
281 254 223
233 212 288
291 264 359
278 303 309
302 308 348
384 447 415
402 370 345
451 411 339
439 437 488
414 455 485
485 500 498
450 469 452
499 553 577
557 567 580
602 569 560
614 595 594
666 657 650
673 737 719
731 776 663
832 707 776
803 837 800
855 895 782
863 811 885
896 966 920
1045 999 996
991 1078 1024
999 1130 1019
1216 1080 1159
1202 1154 1195
1191 1269 1211
1351 1358 1288
1550 1362 1447
1510 1462 1346
1572 1456 1529
1583 1623 1609
1666 1713 1625
1781 1817 1803
1843 1813 1946
1985 1914 1894
2045 2181 2076
2079 2253 2132
2343 2158 2236
2294 2383 2288
2445 2395 2472
2506 2609 2703
2569 2772 2612
2783 2791 2865
2880 2968 3106
3327 3090 3223
3261 2977 3165
3332 3305 3515
3526 3322 3446
3754 3482 3762
3845 3834 3860
4243 3939 4157
4234 4225 4137
4539 4499 4482
4632 4489 4608
5024 4837 4884
4878 5110 5135
5185 5270 5225
5360 5603 5500
5934 5747 5980
5883 6068 5964
6056 6341 6250
6485 6663 6666
7083 6591 6650
6966 7071 7520
7279 7178 7460
8016 7764 8066
7879 7836 8378
8445 8277 8524
9030 8618 8657
9109 9341 9347
9492 9689 9540
9893 10167 9928
10097 10339 10326
10829 10715 10815
11154 11296 11404
11925 11294 11603
12103 12159 12170
12696 12404 12564
12905 13150 12964
13655 13552 13627
14229 13981 14228
14533 14685 15043
15459 15193 15369
16050 16378 16080
16644 16356 16664
17022 17199 16877
17672 17626 17905
17816 18401 18448
19373 19209 19022
19683 19608 19750
20567 20489 20468
21067 21368 21029
21643 21563 22005
23166 22816 22799
23764 23817 23374
24540 24770 25048
25248 25403 25402
27010 26217 26197
27302 26800 27555
28463 28184 28270
29935 29380 29295
30105 30527 29783
31769 31131 31234
31957 32403 32449
33271 33774 33349
34333 34795 34592
35481 35707 36385
36773 37242 36754
38166 37849 38090
39765 39344 39259
41217 40923 40953
42076 41962 43001
43732 44182 43108
45289 44692 44943
46206 47091 46505
48070 47417 47741
49148 48198 49721
51258 51399 51211
52832 52873 52254
54174 53936 54207
56154 55410 56015
58309 57980 57965
59392 58825 59011
61528 60877 61528
64140 62850 63429
65089 65072 64672
67234 66893 66251
69072 68839 68949
70820 70893 70350
73228 73410 72626
74892 74972 75094
76426 77406 77957
79490 78432 79561
81468 81452 82053
83909 83749 83995
86487 86448 86233
88597 88862 88942
91030 91760 91447
93676 93500 93905
96612 96095 96295
97967 99153 98926
101555 100901 100643
103821 104017 104269
106378 105693 106731
109395 109417 109925
113025 113009 113793
115453 115393 114932
117470 118252 118103
121004 121807 121187
124301 124326 125378
128302 127254 127599
131071 131231 130223
134414 133142 134820
136481 136501 136536
140474 139988 140484
143175 143216 144181
148144 146715 147151
150503 150152 150744
153247 153693 152662
158441 156659 156898
161933 160142 161391
165612 163430 164500
168327 167883 168010
172370 172066 171997
176105 175757 175297
179206 178288 179076
182331 183513 183126
187010 187347 187248
191047 190308 191109
194598 195454 195750
199268 198285 199471
202341 203201 204371
207625 207012 207418
212942 210045 211438
215719 216096 216133
218750 220256 220080
224309 224235 224520
228057 229230 229184
233808 233816 232353
236877 238385 237809
241909 241735 242286
246299 245348 245242
250973 249460 250213
254648 255986 256352
261074 259892 259023
264038 264563 265465
269281 269695 268183
273571 274272 274033
278316 277927 278870
283689 284807 283127
288582 288010 287812
293494 290257 293020
297073 296826 297242
302664 300503 302302
306044 307900 307220
311968 313476 309864
316355 316962 316749
321325 321270 320251
326227 325576 326353
331590 330711 330836
334711 336202 334943
340535 339516 342083
344702 344106 346209
349650 349543 350574
353885 354749 355878
359861 360878 358527
365593 363874 364978
370798 370252 369849
374211 375864 374306
379576 381179 377820
384645 384858 384873
388160 388700 390349
394573 392726 392320
397114 398496 398316
402216 402332 402531
408145 407987 406739
411200 413473 412818
416151 417941 415918
421741 420646 422518
424702 426176 425505
430712 430745 430752
435288 434344 435544
439931 439160 440253
442257 443864 444339
448154 447970 447030
452664 454048 452471
456615 456209 457397
459354 459777 460561
465666 464888 464269
470044 470855 468545
473988 471786 473091
477013 475585 477518
481063 480896 480928
484389 485259 481975
489696 489711 486528
488751 492228 492153
495949 497392 496164
499352 498104 499802
502011 503072 501304
504312 505833 505917
511482 507368 508724
512970 513077 512852
514646 516003 514859
517215 518385 517121
520876 520180 522222
524834 525496 525226
529322 526443 527130
531750 530552 530201
532039 533388 533126
537682 535719 535432
537468 538372 538386
541188 539246 539101
542176 542591 542536
543538 543496 543770
546768 547069 546520
547669 547523 546364
550057 548725 549859
550959 551568 550933
554963 552771 553165
554576 554599 554770
556506 556782 556359
557396 558018 558265
558867 558078 556938
560069 558896 559459
558760 560314 560107
559958 561553 563667
562964 563481 562711
562466 562566 562770
562408 563042 562848
564333 562840 562735
564965 562997 563197
564236 565749 565541
561920 565245 564821
566216 562466 565801
560658 564732 563551
563537 563120 564360
563644 564044 563740
563704 562237 564144
562187 563113 561410
561185 561726 561262
561728 560344 558634
560792 558308 560149
558022 558366 557641
558667 555955 559558
556687 556258 555520
555194 553811 553058
552795 552798 553297
551727 551887 553200
551263 550950 549511
547443 547641 547902
544507 547216 544226
543868 541306 545708
543580 541974 541960
539819 538810 540630
538245 538501 537601
535226 534054 535203
533114 531352 532778
529019 528905 527750
527004 528524 528802
524031 523788 524014
520777 522599 521496
518473 519304 517269
514254 516087 514794
515479 513590 513354
508011 508949 511249
504615 506328 505423
504789 502398 503555
498196 498079 498637
493997 497656 496107
490675 491800 491730
487636 490404 486794
483714 485424 484996
480398 481934 479531
475149 478323 477744
473909 472998 472571
470014 469721 468526
465398 463457 463294
458906 459734 461785
457458 456729 457622
452786 453330 454165
447716 448331 447531
443124 445114 444351
440105 438548 438920
433696 434853 435038
431332 433045 431550
425023 426892 426375
421995 422968 422323
415625 416456 416262
413963 413818 412325
406925 407754 407889
405321 404144 403065
398226 398755 400106
393953 394820 393515
389622 387808 388084
384001 385643 383364
380829 378406 379354
373582 375294 374586
369045 371345 369488
365188 364627 365771
360547 359969 361034
354384 356272 356363
351632 348469 351067
344596 344723 346332
342266 340263 341841
335288 334663 336107
331501 331157 331795
326086 326037 326825
321189 322399 320869
316204 316797 317319
312424 312807 311572
308020 308356 307824
302109 301940 301177
296888 297630 296622
293833 291853 291959
288683 286767 287889
282829 282384 282479
279437 278248 278977
273972 274094 273376
269133 269630 270325
264787 266249 266294
258505 260952 259755
257080 256469 255788
251934 250657 249749
248452 246703 246811
242992 242332 242812
237214 238073 236346
232221 232338 233066
229868 228895 228992
225086 224072 225010
220453 220419 219344
215770 216285 215232
211098 212614 212990
207545 208972 208163
203298 203508 204379
198657 200025 200023
195459 197768 196301
192254 191164 191050
188587 187833 186495
182593 184493 183578
180303 179344 178571
176046 175933 176355
172429 171631 171541
168029 168782 168217
165334 165374 165167
160683 161557 161724
157692 158215 156930
153742 153503 154227
151202 150765 149996
147422 146304 146748
143328 143766 143656
139848 139617 139674
136189 136908 137874
133380 133695 134060
130177 131066 130131
126450 127982 127168
124330 124461 123845
119958 122425 120380
117722 118608 118294
115123 115244 114615
111946 113128 112019
108968 109480 110039
107194 107489 106705
103719 104392 104202
102123 101540 101426
99007 98651 99027
96482 97362 95857
93514 93393 94160
92388 91375 91523
89395 89123 88299
86094 86196 86789
83869 83684 84154
82410 81823 81753
79202 79187 79481
77778 76666 77068
74669 75599 75850
73110 73682 72698
70770 71137 71004
69321 68479 69680
66991 66892 67450
64732 64969 65050
63200 63146 62942
61218 61158 61460
59827 59191 59512
57560 57098 58241
55805 55424 56310
54346 54429 54431
53101 52730 52698
51048 50745 51344
49368 48957 49751
48122 47902 48063
46124 46378 47101
44912 44757 45060
43958 43022 43760
42080 42476 41948
40989 41135 41387
39602 39501 38724
38477 38351 38057
36955 37311 36812
35467 35697 35185
34529 34532 34573
33329 33413 33312
32403 32368 32579
31169 31331 31548
30446 29929 30325
29495 29410 28831
28325 28246 28453
27511 27171 27701
26129 26602 26371
25301 25140 25563
24525 24475 24291
23806 23768 23656
22647 22685 23017
21993 21452 21871
21328 21593 21007
20470 20431 20432
19945 19665 19742
19060 19196 18901
18446 18395 18287
17572 17354 17625
16733 17523 17205
16674 16273 16510
16007 16059 15502
15344 15263 14965
14808 14358 14790
14109 14154 13934
13869 13450 13592
13104 13053 12755
12768 12659 12764
11965 12240 11896
11796 11812 11636
11042 11151 11042
10454 10578 10812
10479 10418 10143
9967 10114 9672
9492 9502 9609
9217 9018 9023
8814 8482 8879
8700 8419 8642
8085 8271 8125
7756 7642 7861
7384 7340 7360
7146 6850 7323
6872 6731 6914
6632 6451 6685
6375 6244 6289
6002 6068 6090
5857 5941 5762
5582 5275 5470
5365 5465 5342
5344 4947 5007
4865 4883 4848
4516 4531 4683
4354 4618 4320
4275 4177 4386
3934 3934 4227
3850 4027 3968
3697 3697 3694
3443 3529 3424
3436 3537 3440
3378 3194 3336
2913 3206 2909
2945 2947 3164
2849 2813 2897
2772 2675 2812
2539 2735 2553
2566 2440 2522
2267 2352 2486
2254 2204 2268
2132 2074 2195
2095 1970 2146
1949 1993 2008
1857 1916 1927
1785 1773 1857
1700 1654 1637
1545 1618 1654
1516 1520 1546
1481 1427 1404
1375 1504 1296
1393 1330 1362
1196 1256 1293
1250 1065 1187
1205 1022 1266
1104 1047 1044
1048 1028 956
1006 979 1033
910 845 994
874 918 963
873 840 799
835 744 770
731 674 747
704 748 713
646 737 673
627 728 695
628 632 561
567 600 635
559 591 612
471 502 569
599 495 520
473 514 485
446 463 463
427 398 443
351 392 366
408 343 392
339 382 428
369 406 336
377 349 368
337 274 319
323 348 276
288 262 314
285 255 246
218 242 229
242 225 195
200 210 198
186 182 167
184 240 230
170 212 204
154 171 197
179 163 197
150 166 171
167 142 158
120 121 141
113 166 121
183 100 160
108 96 150
100 112 99
75 97 115
91 73 111
108 118 101
122 88 98
74 81 119
72 85 65
71 58 86
71 80 50
76 67 55
67 70 65
46 69 62
71 54 53
34 29 46
40 57 57
27 48 44
56 29 37
60 54 19
43 42 38
47 45 39
30 17 18
37 29 24
42 23 19
19 27 26
26 23 31
22 46 16
20 11 26
24 19 25
10 16 29
9 18 20
17 21 8
11 15 11
18 12 11
6 6 14
15 9 16
5 16 17
6 7 19
12 15 1
4 11 2
9 16 5
6 7 7
5 9 5
2 10 6
8 11 6
4 9 17
8 3 3
11 5 3
11 3 6
4 0 4
3 7 2
3 3 6
4 2 2
2 5 5
3 4 2
3 0 1
9 4 5
3 10 7
0 2 0
3 5 1
2 0 2
0 2 5
6 0 8
0 3 0
0 0 1
4 0 0
0 0 0
2 0 2
0 0 2
0 0 1
1 0 0
0 0 0
1 0 4
0 0 0
0 3 0
4 0 2
0 0 0
2 0 1
1 3 5
0 0 0
0 0 1
0 0 0
0 0 0
0 0 2
0 1 0
0 0 0
0 0 1
0 0 0
0 0 0
0 3 1
0 0 0
0 0 0
0 3 0
0 0 3
0 1 0
0 0 0
0 0 0
0 0 0
0 0 0
0 0 0
0 0 0
0 0 0
0 0 0
0 0 0
0 0 0
0 0 0
0 0 0
0 0 0
0 0 0
0 2 0
0 0 0
0 0 0
0 0 0
0 0 0
0 0 0
0 0 0
0 0 0
0 0 0
0 0 0
0 0 0
0 0 0
0 0 0
0 0 0
0 0 0
0 0 0
0 0 0
0 0 0
0 0 0
0 0 0
0 0 0
0 0 0
0 0 0
0 0 0
0 0 0
0 0 0
0 0 0
0 0 0
0 0 0
0 0 0
0 0 0
0 0 0
0 0 0
0 0 0
0 0 0
0 0 0
0 0 0
0 0 0
0 0 0
0 0 0
0 0 0
0 0 0
0 0 0
0 0 0
0 0 0
0 0 0
0 0 0
0 0 0
0 0 0
0 0 0
0 0 0
0 0 0
0 0 0
0 0 0
0 0 0
0 0 0
0 0 0
0 0 0
0 0 0
0 0 0
0 0 0
0 0 0
0 0 0
0 0 0
0 0 0
0 0 0
0 0 0
0 0 0
0 0 0
0 0 0
0 0 0
0 0 0
0 0 0
0 0 0
0 0 0
0 0 0
0 0 0
0 0 0
0 0 0
0 0 0
0 0 0
0 0 0
0 0 0
0 0 0
0 0 0
0 0 0
0 0 0
0 0 0
0 0 0
0 0 0
0 0 0
0 0 0
0 0 0
0 0 0
0 0 0
0 0 0
0 0 0
0 0 0
0 0 0
0 0 0
0 0 0